1782
398
793
1020
1700
1728
436
375
1458
1667
1628
1415
1461
1462
1215
1019
1255
1159
1290
1463
1464
1465
1466
1467
1468
1469
1470
1471
1472
1473
1474
1475
1476
1477
1478
1479
1480
1481
602
657
339
340
367
366
264
1485
265
423
424
1798
935
1703
1799
1800
918
426
902
914
1668
1669
341
676
1672
890
1482
260
1483
895
591
643
653
343
516
262
655
1759
1758
1488
1757
1756
1755
1754
1753
1752
1748
409
1793
1289
1428
1429
1430
1431
1432
1433
1434
1435
1436
1437
1438
1439
1440
1441
1442
1443
1444
1445
1446
1447
1448
1449
1450
1451
1452
1453
1454
1455
1484
1671
667
534
1875
1864
642
1870
526
1365
1876
535
668
1791
1683
1837
861
574
767
149
594
291
218
858
615
528
539
147
500
231
619
845
694
371
710
727
202
596
192
172
578
843
725
537
736
928
944
522
128
898
488
490
379
321
1845
981
1662
120
1660
988
1854
121
88
938
1863
994
692
325
1674
982
329
532
497
345
926
351
132
326
589
507
933
690
993
990
989
986
983
1852
984
505
1855
991
1
1772
1774
392
939
700
737
515
621
457
135
550
1816
1817
1775
460
740
703
459
623
391
739
702
552
514
134
693
932
931
1853
987
1659
930
331
937
506
131
588
324
353
347
332
980
975
1869
1198
1251
521
1868
601
39
1199
599
713
696
1722
714
600
712
151
1585
290
1064
1584
1583
1582
1581
1580
1579
289
1578
1363
288
1577
1576
1456
1575
1574
1573
1572
1571
287
1486
1570
1569
1568
1567
1566
1565
1564
1563
1562
1561
1560
1559
1558
1224
1557
1556
1555
1727
1781
1874
1225
1840
1844
1776
1836
1735
1888
1865
49
84
46
1851
74
66
40
5
1487
85
86
1677
1678
1679
1457
1670
1680
355
1364
1681
356
1682
406
359
627
484
357
404
869
708
536
765
632
580
871
583
527
232
646
894
590
641
652
342
517
261
604
900
257
775
575
495
463
682
936
718
917
266
543
425
941
570
555
603
889
640
874
656
501
884
618
878
625
891
518
875
549
681
486
1223
1222
1221
1220
1219
1218
1157
1156
1155
1154
1153
1018
1152
1151
1150
1149
1148
1147
1146
1145
1144
1143
1142
1141
1140
1139
1138
1137
1136
1135
1134
1133
1132
1131
1130
1129
1128
1053
164
1127
163
1126
228
417
413
396
397
1052
414
418
229
1338
1339
1340
1341
1342
1343
1344
1345
1346
1347
1348
1349
1350
1351
1352
1353
1354
1355
1356
1357
1358
1318
1288
1158
1254
1554
1359
1017
1114
1113
1112
1111
1110
1109
1108
1107
1106
1553
1552
1518
1551
1505
1550
1549
1422
1548
1504
1547
1105
1104
1103
1102
1101
1100
1099
1098
1097
1096
1095
1094
1093
286
400
1092
157
1091
1090
1089
1088
1087
412
416
227
224
395
1086
285
399
156
1085
1084
1083
1082
1081
950
1080
1079
1074
1009
1073
1008
974
973
972
971
1303
1115
1512
1546
284
1489
1545
1544
282
840
839
103
790
649
946
295
117
1325
1690
1856
995
1299
1787
62
1374
1065
1200
1294
71
1491
868
109
1514
1117
1490
557
7
1513
1116
1304
8
1497
1736
1779
1780
1610
673
453
155
310
747
306
141
760
768
678
629
450
302
781
812
663
558
638
728
270
687
674
430
376
454
561
771
658
467
209
644
616
753
824
293
586
158
563
274
865
773
267
421
854
866
758
283
235
244
429
849
381
818
715
815
837
830
779
697
841
785
744
776
850
791
942
755
813
650
804
203
855
176
787
808
565
183
296
124
464
433
801
798
348
221
360
795
508
136
205
439
402
491
806
635
152
238
410
742
1066
63
1300
996
1857
1691
1326
98
99
1809
947
1226
1227
1295
1201
1384
1383
1382
1381
1380
1379
1378
1377
1067
241
1375
1376
240
1788
1302
1069
1068
1301
997
1327
948
1228
1296
777
113
698
851
1386
1385
743
745
100
856
1387
1388
242
1389
1390
1391
1392
243
1393
247
1394
816
382
1371
1492
864
110
1515
275
1399
585
1398
246
1397
245
1396
1395
236
1807
1806
1805
1803
114
101
1297
184
177
465
492
809
566
297
125
434
802
799
349
222
509
361
796
137
440
206
153
741
411
239
403
807
998
207
138
999
1694
1693
1692
1328
1329
1330
1331
1202
788
64
1298
104
102
115
1804
111
105
1543
106
1372
716
91
1493
819
820
1516
33
1400
1306
15
10
1607
1002
44
1525
1072
1620
1635
45
1697
61
719
1830
1233
704
89
364
1634
1619
87
60
1699
92
1829
1232
609
225
160
1535
446
159
961
960
959
958
957
956
955
608
186
469
1698
684
1528
1527
1526
1007
1006
1005
1004
1609
1614
1013
1621
1636
954
1625
1078
53
451
377
1613
76
75
1738
1499
688
1496
1495
1305
18
17
1118
65
9
1498
1737
96
97
1612
83
1012
1077
1633
1624
1531
59
953
94
1828
1231
1324
219
1337
1534
1121
729
1814
1258
1427
1510
1125
1797
1833
1764
1673
47
1055
519
1796
1124
1509
1426
1257
1813
761
1120
1533
1336
42
1230
1827
93
952
58
1530
1623
1632
1076
1011
679
77
78
1611
1010
1075
1631
1622
1529
57
951
79
1826
1229
41
1335
1532
1119
748
664
1812
1256
1425
1508
1123
1795
749
1762
750
1054
666
665
478
1832
1763
762
1650
1597
1879
1403
1887
1725
1594
1643
1500
1618
1664
1421
1424
1503
1649
1596
1878
1402
1886
1724
1593
1642
1778
1663
1423
1606
80
1506
1626
1519
1627
1520
1523
1522
1521
307
1507
1760
545
1414
1413
1412
1411
1410
1409
1408
1407
1406
1405
1404
660
631
770
1653
547
372
541
1599
393
731
314
1598
1641
1640
1056
1639
1638
1637
659
630
769
313
730
126
962
963
964
965
162
966
419
386
1046
318
967
407
251
1259
1511
1644
1047
1645
1646
1600
316
1589
1647
1648
19
1617
1616
1416
384
444
661
308
502
448
437
258
923
1729
1701
751
480
215
255
181
1021
1252
1253
385
546
548
1794
1834
1783
1732
881
50
1733
1744
1743
485
1742
1741
1160
1740
1739
1022
1216
1702
1730
112
1459
1629
784
1417
722
1418
1675
706
1605
300
1658
1501
1657
1656
90
20
1651
1726
1590
721
783
1601
705
1877
1777
1831
1048
968
1260
1815
1122
1536
782
720
252
254
1654
476
1261
969
196
970
214
1050
1308
1309
1310
1311
213
1312
1313
1314
1315
1316
1317
1049
1262
1263
1264
1265
194
1266
1267
1268
1269
1270
1271
1272
1273
1274
1275
1276
1277
1278
1279
1280
1281
1282
1283
1284
1217
1023
1285
1286
1287
1161
1291
1885
1839
1835
1784
1734
1745
1867
1750
879
611
612
199
198
1170
1169
197
165
1168
1167
1166
1165
1164
1163
1162
108
1761
1785
1786
415
263
142
193
216
182
256
481
752
607
524
365
427
401
374
606
732
924
259
438
449
503
309
662
445
723
354
249
456
477
272
734
394
544
595
707
335
303
338
328
250
334
299
474
686
337
336
304
333
271
472
568
794
323
319
373
1591
836
1602
471
344
148
387
408
479
520
420
315
317
127
212
195
273
531
475
320
253
447
161
473
279
226
610
717
220
187
470
637
634
363
685
617
312
311
305
645
639
154
680
452
277
378
140
431
675
455
689
564
301
559
562
772
269
468
210
248
811
754
825
294
584
276
821
774
268
422
759
867
943
237
863
853
383
280
757
817
848
838
780
428
699
786
842
852
746
829
857
778
756
204
814
636
805
792
651
116
1203
1825
1604
949
118
123
810
789
178
185
567
466
493
435
298
350
803
122
223
800
362
797
510
139
441
208
908
1695
1858
1000
907
1810
1789
1070
906
909
905
910
911
1071
1790
1811
912
1001
1859
1696
1537
1538
945
1332
1333
1204
1205
1206
1207
1208
1209
1210
1211
1212
1213
1214
180
1542
1334
1541
1540
1539
913
281
822
1373
179
12
1494
823
560
13
1517
14
1595
826
211
1401
1307
16
11
1608
1003
1808
432
388
1051
1765
1766
1767
1603
1592
1652
1768
1502
1666
1420
1615
1665
1769
1419
1676
1770
1630
1460
1771
1731
1014
389
1015
1016
145
1024
1025
1026
1027
1028
1524
1818
1029
1030
1031
1032
1033
1034
143
831
1747
834
119
835
832
1880
833
569
542
1035
144
1036
1037
1038
1039
1883
1707
1847
1884
571
1370
572
442
1689
443
670
672
671
190
827
48
1773
2
992
828
1661
985
979
1843
174
577
847
860
598
1250
191
1249
1248
1044
1247
1063
1246
1245
1244
1243
1242
1241
1240
920
1239
278
683
188
1238
1237
1236
1235
1234
1180
1846
1706
1823
1822
1821
1820
1819
462
461
511
1746
624
921
51
1751
512
626
922
166
1171
167
1172
1173
1174
1175
1176
1177
1178
200
171
1862
1179
168
1181
1182
1183
1184
169
1185
170
1186
1187
1188
1189
1190
1062
1191
1043
1192
1193
1194
175
724
620
726
201
735
844
538
540
929
523
628
487
489
504
513
925
733
129
556
494
530
380
322
292
533
330
346
927
352
130
587
327
934
691
133
551
390
458
622
738
701
940
899
1655
978
1588
1587
1197
499
1586
1041
1321
38
1060
81
1686
25
1059
37
1320
1040
1850
1196
1292
95
977
976
1293
1195
1723
529
1361
1848
1045
1323
1057
56
55
1838
1684
1792
54
581
872
764
483
593
1362
1849
43
1319
36
1058
24
52
1685
73
72
28
1366
1871
30
915
903
233
31
1872
67
1367
29
107
1687
82
23
1717
1718
1719
1720
1721
1360
1042
1322
1061
695
711
189
597
859
846
576
173
370
633
862
870
496
230
498
146
648
873
897
614
217
592
150
901
766
573
669
916
904
482
677
358
654
405
709
763
919
579
234
525
582
605
35
1802
613
1842
1861
1705
1824
1704
1860
1841
1801
34
32
1873
68
1369
896
647
69
70
1688
1716
369
1368
1715
1714
1713
1712
1711
368
1710
1709
1708
27
1882
22
880
893
892
885
886
883
882
876
877
21
26
1881
6
888
887
554
4
553
1749
3
1866
