1866
3
1749
876
882
883
21
877
554
4
553
887
888
6
1881
26
1708
1709
1710
368
1711
1712
1713
1714
1715
1368
369
1716
29
107
1687
82
23
1041
1586
499
1321
38
1060
81
1686
25
1059
37
1320
1040
1850
1197
1587
1588
978
1655
505
1
1772
1774
991
1855
984
1852
1196
1292
95
1362
1849
43
1319
36
1058
24
52
1685
483
764
872
581
54
1792
1684
1838
55
56
1057
593
1323
529
1045
1848
1361
1723
1195
1293
976
977
983
986
989
990
993
392
939
700
737
515
621
457
135
550
690
933
507
589
326
132
351
926
345
497
532
329
982
1674
325
1660
988
1854
121
88
938
1863
994
692
1816
1817
1775
460
740
703
459
623
391
739
702
552
514
134
693
932
931
1853
987
1659
930
331
937
506
131
588
324
353
347
980
332
1662
120
981
1845
321
379
490
488
898
128
522
944
928
736
537
725
843
578
172
192
596
202
727
710
371
694
845
619
231
500
147
539
528
1198
1869
975
521
1251
712
714
600
1868
601
39
1199
599
713
696
1722
290
1585
1064
151
1584
1583
1582
1581
1580
1579
289
1578
1363
288
1577
1576
1456
1575
1574
1573
1572
1571
287
1486
1570
1569
1568
1567
1566
1565
1564
1563
1562
1561
1560
1559
1558
1224
1557
1556
1555
1840
1225
1874
1781
1727
1288
1158
1254
1554
1359
1017
1114
1113
1112
1111
1110
1109
1108
1107
1106
1553
1552
1518
1551
1505
1550
1549
1422
1548
1504
1547
1105
1104
1103
1102
1101
1100
1099
1098
1097
1096
1095
1094
1093
286
400
1092
157
1091
1090
1089
1088
1087
1086
156
399
285
1073
1008
974
973
972
971
1303
8
1304
1497
673
1736
1779
1780
1610
1009
1074
1079
1080
950
1081
1082
1083
1084
1085
395
412
416
227
224
747
306
310
155
141
760
768
678
629
450
302
781
812
663
453
1117
1514
109
868
1491
1490
557
7
1513
1116
1115
1512
1546
284
1489
1545
1544
282
840
839
103
790
71
1294
1200
649
946
295
117
1325
1690
1856
995
1299
1787
62
1065
1374
410
238
152
635
806
491
402
439
205
136
508
795
360
221
348
798
801
433
464
124
296
183
565
808
787
176
855
203
804
650
813
755
942
791
850
776
744
785
841
697
779
830
837
815
715
818
381
849
429
244
235
283
758
866
854
421
267
773
865
274
563
158
586
293
824
753
616
65
9
1498
1737
96
97
1612
83
1012
1077
1633
1624
1531
59
953
94
1828
1231
1324
219
1337
1534
1121
729
1814
1258
1427
1510
1125
1797
519
1833
1764
1673
47
1055
762
1763
1832
478
1796
1124
1509
1426
1257
1813
761
1120
1533
1336
42
1230
1827
93
952
58
1530
1623
1632
1076
1011
679
209
644
467
658
771
561
728
638
558
270
687
674
430
376
454
77
78
1611
1010
1075
1631
1622
1529
57
951
79
1826
1229
41
1335
1532
1119
748
664
1812
1256
1425
1508
1123
1795
749
750
1762
665
666
1054
1649
1596
1878
1402
1886
1724
1593
1650
1597
1879
1403
1887
1725
1594
1643
1500
1618
1664
1421
1424
1503
1642
1778
1663
1423
1606
80
1506
1626
1519
1148
1147
1146
1145
1144
1143
1142
1141
1140
1139
1138
1137
1136
1135
1134
1133
1132
1131
1130
1129
1128
1053
164
1127
163
1126
228
417
413
396
397
1052
414
418
229
1338
1339
1340
1341
1342
1343
1344
1345
1346
1347
1348
1349
1350
1351
1352
1353
1354
1355
1356
1357
1358
1318
1149
1150
1151
1152
1018
1153
1154
1155
1156
1157
1218
1219
1220
1221
1222
1223
486
681
1844
1776
1836
1735
1888
1865
49
84
46
1851
74
66
40
5
1487
85
86
1677
1678
1679
1457
1670
1680
355
1364
1681
356
1682
406
359
484
627
218
858
615
291
594
149
767
574
861
357
404
869
708
536
765
632
580
871
583
527
232
646
894
590
641
652
342
517
261
604
900
257
775
575
495
463
682
936
718
917
266
543
425
941
570
555
603
889
640
874
656
501
884
618
878
625
891
518
875
549
1437
1436
1435
1434
1433
1432
1431
1430
1429
1428
1289
1793
409
1438
1439
1440
1441
1442
1443
1444
1445
1446
1447
1448
1449
1450
1451
1452
1453
1454
1455
1484
1671
1864
642
1875
534
667
668
1791
1683
1837
535
1876
1365
526
1870
895
591
643
653
343
516
262
655
1759
1758
1488
1757
1756
1755
1754
1753
1752
1748
1473
1474
1475
1476
1477
1478
1479
1480
1481
1482
260
1483
890
676
1672
30
1871
1366
72
73
28
233
1367
67
1872
31
918
1703
1799
1800
426
902
903
915
914
341
1669
1668
935
1798
424
423
265
1485
264
366
367
340
339
602
657
1472
1471
1470
1469
1468
1467
1466
1465
1464
1463
1290
1159
1255
1019
1215
1462
1461
1523
1522
1521
307
1520
1627
1507
1760
545
1414
1413
1412
1411
1410
1409
1408
1407
1406
1405
1404
660
631
770
314
1598
1641
1640
1056
1639
1638
1637
659
630
769
313
730
961
960
959
958
957
956
955
608
186
469
1698
684
1528
1527
1526
1007
1006
1005
1004
1609
1614
451
1013
1621
1636
954
1625
1078
53
1613
76
75
1738
1499
377
688
1496
1495
18
17
1118
1305
1515
110
864
1492
1371
382
1394
247
1393
243
1392
816
113
851
698
1391
1390
1389
242
1388
1387
100
745
743
856
1386
1385
1295
1201
1227
1226
947
1809
99
98
1326
1691
1857
996
1300
63
1066
742
1067
241
1375
1376
240
1788
1302
1069
1068
1377
1378
1301
997
1379
1380
1327
1381
1382
1383
1384
948
1228
777
1296
1297
101
114
1803
1805
1806
1807
236
1395
1396
245
1397
246
1398
275
1399
585
820
33
1516
91
716
819
1493
1372
106
1543
105
111
1804
115
102
104
1298
64
788
184
177
465
492
809
566
297
125
434
802
799
349
222
509
361
796
137
440
206
153
741
411
239
403
807
998
207
138
999
1694
1693
1692
1328
1329
1330
1331
1202
651
116
1203
1825
1604
949
118
123
435
298
350
803
122
223
800
362
797
510
139
441
208
908
1695
1858
1000
907
1810
1789
1070
906
909
905
910
911
1071
1790
1811
912
1001
1859
1696
1537
1538
945
1332
1333
1204
913
1539
1540
1541
1334
1542
281
822
1373
179
12
1494
823
826
211
432
1808
1003
1608
11
16
1307
1401
1595
14
1517
13
560
180
1214
1213
1212
1211
1210
1209
1208
1207
1206
1205
493
466
567
185
178
789
810
792
805
636
814
204
756
778
857
829
746
852
842
786
699
428
780
838
848
817
757
280
383
853
863
237
943
867
759
422
268
774
821
276
584
294
825
754
811
248
210
468
269
772
562
559
301
564
689
455
675
431
140
378
277
452
680
154
639
645
305
311
312
617
685
363
634
637
470
187
220
717
610
226
279
473
161
447
253
320
475
531
273
195
212
127
317
315
420
520
479
408
387
148
344
471
214
970
1050
1308
1309
1310
1311
213
1312
1313
1314
1315
1316
1317
1271
1270
1269
1268
1267
1266
194
1265
1264
1263
1262
1049
969
196
1261
476
1654
254
252
1260
968
1048
1831
1777
1877
705
1601
783
721
1590
1726
1651
20
90
706
1605
300
1658
1501
1657
1656
1648
1647
1589
316
1600
1646
1645
1047
1644
967
407
251
1511
1259
704
1815
1122
1536
782
720
1233
1830
719
61
1697
45
1635
1620
1072
1525
10
1400
1306
15
1607
1002
44
1619
1634
89
364
87
60
1699
92
1829
1232
609
225
160
1535
446
159
126
962
963
964
965
162
966
419
386
318
1046
541
1599
393
731
1653
547
372
19
1617
1616
1416
384
444
661
308
502
448
437
258
923
1729
1701
436
1415
1628
1667
1458
375
1728
1700
1020
793
181
255
215
480
751
1021
1252
1253
1160
1740
1739
1022
1216
1702
1730
112
1459
1629
784
1417
722
1418
1675
1272
1273
1274
1275
1276
1277
1278
1279
1280
1281
1282
1283
1284
1217
1023
1285
1286
1287
1161
1291
1885
1163
1162
1818
1524
108
1761
1785
1786
415
263
142
193
216
182
256
481
752
607
524
365
427
401
374
606
732
924
259
438
449
503
309
662
445
723
354
249
456
477
272
734
394
544
595
707
335
303
338
328
250
334
299
474
686
337
336
304
333
271
472
568
794
323
319
373
1591
836
1602
1051
388
1765
1766
1767
1603
1592
1652
1768
1502
1666
1420
1615
1665
1769
1419
1676
1770
1630
1460
1771
1731
1014
389
1015
1016
145
1024
1025
1026
1027
1028
1029
1030
1031
1032
1033
1034
143
831
1747
834
119
835
832
1880
833
569
542
1035
144
1036
1037
1038
1039
1883
1707
1847
1180
1234
1235
1236
1237
1238
188
683
278
1239
1240
1241
1242
1243
920
1370
1884
571
572
442
1689
443
670
672
671
1244
1245
1246
1063
1247
1044
1248
1249
598
860
847
577
174
1250
191
190
827
1843
979
985
1661
828
992
2
1773
48
940
899
701
738
622
458
390
551
133
691
934
327
587
130
352
927
346
330
533
292
322
380
530
494
556
129
733
925
513
504
489
487
628
523
929
540
538
844
735
201
726
620
724
175
1194
1193
1192
1043
1191
1062
1190
1189
1188
1187
1186
170
1185
169
1184
1183
1182
1181
171
168
1179
1862
1706
1846
1823
1822
1821
1820
1819
462
461
511
1746
624
1751
512
626
922
51
921
1164
1165
1166
1167
1168
165
197
1169
1170
166
198
199
1171
167
1172
1173
1174
1175
1176
1177
1178
200
1705
1861
1842
613
1802
35
605
582
525
234
579
919
763
709
405
654
358
677
482
904
916
669
573
766
901
150
592
217
614
897
873
648
146
498
230
496
870
862
633
370
173
576
846
859
597
189
711
695
1061
1322
1042
1360
1721
1720
1719
1718
1717
1688
70
69
647
896
1369
68
1873
32
34
1801
1841
1860
1704
1824
27
1882
22
893
886
885
892
879
880
612
611
1750
1867
1745
1734
1784
1835
1839
485
1741
1742
1743
1744
1733
50
881
1732
1783
1834
1794
548
546
385
398
1782
