1866
881
1732
1783
1834
1794
548
546
385
1782
398
793
1020
375
1458
1667
1628
1415
436
1728
1700
1253
1252
1021
181
255
215
480
751
1701
1729
923
258
437
448
502
308
661
444
384
1416
1616
1617
19
372
547
1653
731
393
1599
541
1046
318
386
419
966
162
965
964
963
962
159
446
1535
160
225
609
1232
1829
92
1699
60
87
1619
1634
364
89
1830
1233
704
1815
1122
1536
782
720
719
61
1697
45
1635
1620
1072
1525
44
1002
1607
10
15
1306
1400
33
1516
91
716
820
819
1493
1372
106
1543
105
111
1804
115
102
104
1298
64
788
1202
651
116
1203
1825
1604
949
118
123
999
138
239
411
741
153
403
807
998
207
1693
1694
1692
1331
1330
1329
1328
206
440
137
796
361
509
222
349
799
802
434
125
297
566
809
492
465
177
184
1297
101
114
1803
1805
1806
1807
236
1395
1396
245
1397
246
1398
585
1399
275
1515
110
864
1492
1371
382
816
698
851
113
777
1296
1228
1295
1201
1384
948
1383
1382
1381
1327
1380
1379
997
1301
1378
1377
1068
1069
1302
1788
240
1376
1375
241
1067
742
1066
63
1300
996
1857
1691
1326
98
99
1809
947
1226
1227
743
745
100
856
1385
1386
1387
1388
242
1389
1390
1391
1392
243
1393
1394
247
1118
17
18
1305
1495
1496
688
1499
1738
75
76
1613
377
451
53
1078
1625
954
1636
1621
1013
1614
1609
1004
1005
1006
1007
1526
1527
1528
684
1698
469
186
608
955
956
957
958
959
960
961
126
730
313
769
630
659
1637
1638
1639
1056
1640
1641
1598
314
770
631
660
1404
1405
1406
1407
1408
1409
1410
1411
1412
1413
1414
545
1760
1507
1627
1520
307
1521
1522
1523
1461
1462
1215
1019
1255
1159
1290
1793
409
1463
1464
1465
1466
1467
1468
1469
1470
1471
1472
1748
1752
1753
1754
1755
1756
1757
1488
1758
1759
655
262
1864
642
1870
526
1365
1876
535
1837
1683
1791
668
667
534
1875
1671
1484
1455
1454
1453
1452
1451
1450
1449
1448
1447
1446
1445
1444
1443
1442
1441
1440
1439
1438
1437
1436
1435
1434
1433
1432
1431
1430
1429
1428
1289
1157
1156
1155
1154
1153
1018
1152
1151
1150
1149
1318
1358
1357
1356
1355
1354
1353
1352
1351
1350
1349
1348
1347
1346
1345
1344
1343
1342
1341
1340
1339
1338
1134
1133
1132
1131
1130
1129
1128
1053
164
1127
163
1126
228
229
417
418
414
413
396
397
1052
1092
157
1091
1090
1089
1088
1087
1086
395
412
416
227
224
748
1812
1256
1425
1508
1123
1795
664
1119
1532
1335
41
1229
1826
79
951
57
1529
1622
1631
1075
1010
1611
78
77
679
1011
1076
1632
1623
1530
58
952
93
1827
1230
42
1336
1533
1120
761
1813
1257
1426
1509
1124
1796
1832
1763
762
478
665
666
1762
749
750
1054
1649
1596
1878
1402
1886
1724
1593
1642
1778
1135
1136
1137
1138
1139
1140
1141
1142
1143
1144
1145
1146
1147
1148
1519
1626
1506
80
1606
1423
1663
1503
1424
1421
1664
1618
1500
1643
1594
1725
1887
1403
1879
1597
1650
1055
47
1673
1764
1833
519
1797
1125
1510
1427
1258
1814
729
1121
1534
1337
219
1324
1231
1828
94
953
59
1531
1624
1633
1077
1012
83
1612
97
96
1737
1498
9
65
209
467
644
616
753
824
293
586
158
563
274
865
773
267
421
854
866
758
283
235
244
429
849
381
818
715
815
837
830
779
697
841
785
744
776
850
791
942
755
813
650
804
203
855
176
787
808
565
183
296
124
464
433
801
798
348
221
360
795
508
136
205
439
402
491
806
635
152
238
410
1374
1065
62
1787
1299
995
1856
1690
1325
117
295
946
649
1200
1294
71
790
103
839
840
282
1544
1545
1489
284
1546
1512
1115
1303
971
972
973
974
1008
1073
1079
1074
1009
1610
1780
1779
1736
673
1497
8
1304
1116
1513
7
557
1490
1491
868
109
1514
1117
453
558
638
728
561
771
658
454
270
687
674
430
376
663
812
781
302
450
629
678
768
760
141
155
310
306
747
1080
950
1081
1082
1083
1084
1085
156
399
285
286
400
1093
1094
1095
1096
1097
1098
1099
1100
1101
1102
1103
1104
1105
1547
1504
1548
1422
1549
1550
1505
1551
1518
1552
1553
1106
1107
1108
1109
1110
1111
1112
1113
1114
1017
1359
1554
1254
1158
1555
1556
1557
1224
1558
1559
1560
1561
1562
1563
1564
1565
1566
1567
1568
1569
1570
1486
287
1571
1572
1573
1574
1575
1456
1576
1577
288
1363
1578
289
1579
1580
1581
1582
1583
1584
1064
290
1585
151
406
359
1682
356
1681
1364
355
1680
1670
1457
1679
1678
1677
86
85
1487
5
40
66
74
1851
46
84
49
1865
1888
1735
1836
1776
1844
1840
1225
1874
1781
1727
1288
1218
1219
1220
1221
1222
1223
486
681
549
875
518
891
625
878
618
884
501
656
874
640
889
603
555
570
941
425
543
266
917
718
936
682
463
495
575
775
257
900
604
261
517
342
652
641
590
894
646
232
527
583
871
580
632
765
536
708
869
404
357
484
627
861
574
767
149
594
291
218
858
615
528
539
147
500
231
619
845
694
371
710
727
202
596
192
172
578
843
725
537
736
928
944
522
128
898
488
490
379
321
1845
981
1674
325
1854
988
1660
120
1662
975
1869
1198
1251
521
600
712
714
1722
696
713
599
1199
39
1868
601
930
1659
987
1853
931
331
937
980
332
347
353
324
588
131
506
932
693
134
514
552
702
739
391
623
459
938
88
121
692
994
1863
703
740
460
1775
1817
1816
589
326
329
982
532
497
345
926
351
132
507
933
690
550
135
457
621
515
737
700
939
392
993
990
989
986
983
1774
1772
1
991
1855
505
984
1852
1655
978
1588
1587
1197
1586
1041
499
1850
1040
1320
37
1059
25
1321
38
1060
81
1686
233
31
1872
67
1367
29
107
1687
82
23
1717
1718
1719
1720
1721
1360
1042
1322
1061
695
711
189
597
859
846
576
173
370
633
862
870
496
230
498
146
648
873
897
614
217
592
150
901
766
573
669
916
904
482
677
358
654
405
709
763
919
579
234
525
582
605
35
1802
613
1842
1861
1705
200
1178
1177
1176
1175
1174
1173
1172
167
1171
166
198
199
612
611
1867
1745
1734
1784
1835
1839
1885
1291
1161
1287
1286
1285
1023
1217
1284
1283
1282
1281
1280
1279
1278
1277
1276
1275
1274
1273
1272
1271
1270
1269
1268
1317
1316
1315
1314
1313
1312
213
1311
1310
1309
1308
1050
970
214
253
320
475
531
273
195
212
127
317
315
420
520
479
408
387
148
344
471
1602
836
1591
373
319
323
794
568
472
271
333
304
336
337
686
474
299
334
250
328
338
303
335
707
595
544
394
734
272
477
456
249
354
723
445
662
309
503
449
438
259
924
732
606
374
401
427
365
524
607
752
481
256
182
216
193
142
263
415
1786
1785
1761
108
1524
1818
1162
1163
1164
1165
1166
1167
1168
197
165
1169
1170
922
626
512
1751
51
921
624
1746
511
461
462
1819
1820
1821
1822
1823
1846
1706
1862
1179
168
171
1181
1182
1183
1184
169
1185
170
1186
1187
1188
1189
1190
1062
1191
1043
1192
1193
1194
175
724
620
726
201
735
844
538
540
929
523
628
487
489
504
513
925
733
129
556
494
530
380
322
292
533
330
346
927
352
130
587
327
934
691
133
551
390
458
622
738
701
899
940
48
1773
2
992
828
1661
985
979
1843
827
190
191
174
577
847
860
598
1250
1249
1248
1044
1247
1063
1246
1245
1244
671
672
670
443
1689
442
572
571
1884
1370
920
1243
1242
1241
1240
1239
278
683
188
1238
1237
1236
1235
1234
1180
1847
1707
1883
1039
1038
1037
1036
144
1035
542
569
833
1880
832
835
119
834
1747
831
143
1034
1033
1032
1031
1030
1029
1028
1027
1026
1025
1024
145
1016
1015
389
1014
1731
1771
1460
1630
1770
1676
1419
1769
1665
1615
1420
1666
1502
1768
1652
1592
1603
1767
1766
1765
1051
388
432
1808
1003
1608
11
16
1307
1401
211
826
1595
14
1517
13
560
823
1494
12
179
1373
822
281
1542
1334
1541
913
1539
1540
180
1214
1213
1212
1211
1210
1209
1208
1207
1206
1205
1333
1204
945
1538
1537
1696
1859
1001
912
1811
1790
1071
911
910
905
909
906
1070
1789
1810
907
1000
1858
1695
908
1332
208
441
139
510
797
362
800
223
122
803
350
298
435
493
466
567
185
178
789
810
792
805
636
814
204
756
778
857
829
746
852
842
786
699
428
780
838
848
817
757
280
383
853
863
237
943
867
759
422
268
774
821
276
584
294
825
754
811
248
210
468
269
772
562
559
301
564
689
455
675
431
140
378
277
452
680
154
639
645
305
311
312
617
685
363
634
637
470
187
220
717
610
226
279
473
161
447
196
969
1261
476
1654
254
252
1049
1262
1263
1264
1265
194
1266
1267
721
783
1590
1726
1651
20
90
705
1601
1877
1777
1831
1048
968
1260
1259
1511
251
407
967
1644
1047
1645
1646
1600
316
1589
1647
1648
1656
1657
1501
1658
300
1605
706
1675
1418
722
1417
784
1629
1459
112
1730
1702
1216
1022
1739
1740
1160
1741
1742
485
1743
1744
1733
50
1750
879
892
885
882
876
877
21
883
886
893
880
22
1882
27
1824
1704
1860
1841
1801
34
32
1873
68
1369
896
647
69
70
1688
1716
369
1368
1715
1714
1713
1712
1711
368
1710
1709
1708
918
426
1800
1799
1703
1798
935
1668
1669
676
890
1672
341
914
902
903
915
30
1871
1366
28
72
73
1685
52
24
1058
36
1319
43
1849
1362
1196
1292
95
977
976
1293
1195
1723
1361
1848
1045
529
1323
593
1057
56
55
1838
483
1684
1792
54
764
581
872
895
591
643
653
343
516
1483
260
1482
1481
1480
1479
1478
1477
1476
1475
1474
1473
657
602
340
339
366
367
265
1485
264
423
424
887
888
6
26
1881
554
4
553
1749
3
