1866
3
1749
876
882
885
892
893
886
883
877
21
554
4
553
887
888
6
1881
26
1708
1709
1710
368
1711
1712
1713
1714
1715
1368
369
1716
896
68
1873
32
1801
34
1369
647
69
70
1688
1061
1322
1360
1721
1720
1042
1719
1718
1717
23
82
1687
107
29
1367
67
1872
31
233
903
915
30
1871
1366
28
72
73
1685
52
24
1058
36
1319
43
1849
1362
1850
1040
1320
37
1059
25
1686
81
1060
38
1321
1041
1586
499
1197
1587
1588
978
1655
505
991
1
1772
1774
1855
984
1852
1196
1292
95
977
983
986
989
990
993
392
939
700
737
515
621
457
135
132
326
589
507
933
690
550
1816
1817
1775
460
740
703
1863
994
938
88
121
692
1854
988
1660
325
1674
982
329
532
497
345
351
926
976
1293
1195
1723
529
1361
1848
1045
1323
593
1057
56
55
1838
483
1684
1792
54
764
581
872
895
591
643
653
343
516
262
655
1759
1758
1488
1757
1756
1755
1754
1753
1752
1748
409
1793
1289
1428
1429
1430
1431
1432
1433
1434
1435
1436
1437
1438
1439
1440
1441
1442
1443
1444
1445
1446
1447
1448
1449
1450
1451
1452
1453
1454
1455
1484
1671
667
534
1875
1864
642
1870
526
1365
1876
535
668
1791
1683
1837
861
574
767
149
594
291
218
858
615
528
539
147
500
231
619
845
694
371
710
727
202
596
192
172
578
843
725
537
736
928
944
522
128
898
488
490
379
321
1845
981
120
1662
332
980
347
353
324
588
131
506
932
693
134
514
552
391
623
459
739
702
931
1853
987
1659
930
331
937
521
975
1869
1198
1251
712
714
600
1868
601
39
1199
599
713
696
1722
290
1585
1064
151
1584
1583
1582
1581
1580
1579
289
1578
1363
288
1577
1576
1456
1575
1574
1573
1572
1571
287
1486
1570
1569
1568
1567
1566
1565
1564
1563
1562
1561
1560
1559
1558
1224
1557
1556
1555
1554
1017
1359
1254
1158
1288
1727
1781
1874
1225
1840
1844
1776
1836
1735
1888
1865
49
84
46
1851
74
66
40
5
1487
85
86
1677
1678
1679
1457
1670
1680
355
1364
1681
356
1682
406
359
627
484
357
404
869
708
536
765
632
580
871
583
527
232
646
894
590
641
652
342
517
261
604
900
257
775
575
495
463
682
936
718
917
266
543
425
941
570
555
603
889
640
874
656
501
884
618
878
625
891
518
875
549
681
486
1223
1222
1221
1220
1219
1218
1157
1156
1155
1154
1153
1018
1152
1151
1150
1149
1148
1147
1146
1318
1358
1357
1356
1355
1354
1353
1352
1351
1350
1349
1348
1347
1346
1345
1344
1343
1103
1104
1105
1106
1107
1108
1109
1110
1111
1112
1113
1114
1553
1552
1518
1551
1505
1550
1549
1422
1548
1504
1547
1102
1101
1100
1099
1098
1097
1096
1095
1094
1093
400
286
285
399
156
1086
1087
1088
1089
1090
1091
157
1092
1052
397
396
413
414
418
417
228
229
1338
1339
1340
1341
1342
1135
1134
1133
1132
1131
1130
1129
1128
1053
164
1127
163
1126
749
750
1762
666
1054
1649
1596
1878
1402
1886
1724
1593
1642
1778
1136
1137
1138
1139
1140
1141
1142
1143
1144
1145
1519
1626
1506
80
1606
1423
1663
1503
1424
1421
1664
1618
1500
1643
1594
1725
1887
1403
1879
1597
1650
1055
47
1673
1764
1833
519
1797
1125
1510
1427
1258
1814
729
1121
1534
1337
1324
1231
1828
94
953
59
1531
1624
1633
1077
1012
83
1011
1076
1632
1623
1530
58
952
93
1827
1230
219
42
1336
1533
1120
761
1813
1257
1426
1509
1124
1796
1832
1763
762
478
665
1795
1123
1508
1425
1256
1812
664
748
1119
1532
1335
41
1229
1826
79
951
57
1529
1622
1631
1075
1010
679
1611
78
77
454
376
430
674
687
270
728
638
558
663
812
781
302
450
629
678
768
760
141
155
310
306
747
224
227
416
412
395
1085
1084
1083
1082
1081
950
1080
1079
1073
1008
1074
1009
1610
1780
1779
1736
1497
673
453
1117
1514
109
868
1491
1490
557
7
1513
1116
1304
8
972
973
974
971
1303
1115
1512
1546
284
1489
1545
1544
282
840
839
103
790
71
1294
1200
649
946
295
117
1325
1690
1856
995
1299
1787
62
1065
1374
410
238
152
635
806
491
402
439
205
136
508
795
360
221
348
798
801
433
464
124
296
183
565
808
787
176
855
203
804
650
813
755
942
791
850
776
744
785
841
697
779
830
837
815
715
818
381
849
429
244
235
283
758
866
854
421
267
773
865
274
563
158
586
293
824
753
616
644
209
467
658
771
561
65
9
1498
1737
96
97
1612
1613
76
75
1738
1499
377
688
1496
1495
18
17
1118
1305
1609
1004
1005
1006
1007
684
1698
1528
1527
1526
1614
1621
1013
451
53
1078
1625
1636
954
659
630
769
313
730
962
126
961
960
959
958
957
956
955
469
186
608
159
446
1535
160
225
609
1232
1829
92
1699
60
87
1619
1634
364
89
1697
61
45
1635
1620
1072
1525
44
1002
1607
10
15
1306
1400
33
1516
91
716
820
819
1493
1372
106
1543
105
111
1804
115
102
104
1298
64
1297
101
114
1803
1805
1806
1807
236
1395
1396
245
1397
246
1398
585
1399
275
1515
110
864
1492
1371
382
816
1393
1394
247
243
1392
1391
1390
1389
242
1388
100
745
743
856
1385
1386
1387
851
698
113
777
1296
1228
1295
1201
1227
1226
947
1809
99
98
1326
1691
1857
996
1300
63
1066
742
1375
241
1067
1377
1378
1379
1380
1381
1382
1383
1384
948
1327
997
1301
1068
1069
1376
240
1788
1302
137
440
206
796
361
509
222
349
799
802
434
125
297
566
809
492
465
177
184
788
1202
651
116
1203
1825
1604
949
1331
1330
1329
1328
1692
153
741
411
239
403
807
998
207
138
999
1693
1694
118
123
362
797
510
139
441
208
800
223
122
803
350
298
435
493
466
567
185
178
789
810
792
805
636
814
204
756
778
857
829
746
852
842
786
699
428
780
838
848
817
757
280
383
853
863
237
943
867
759
422
268
774
821
276
584
294
825
754
811
248
210
468
269
772
562
559
301
564
689
455
675
431
140
378
277
452
680
154
639
645
305
311
312
617
685
363
634
637
470
187
220
717
610
226
279
473
161
447
214
970
1050
1308
1309
1310
1311
213
1312
1313
1314
1315
1316
1317
1271
1270
1269
1268
1267
1266
194
1265
1264
1263
1262
1049
969
196
1261
476
1654
254
252
721
783
1590
1726
1651
20
90
705
1601
1877
1777
1831
1048
968
1260
1815
1122
1536
782
720
719
1830
1233
704
1259
1511
251
407
967
1644
1047
1645
1646
1600
316
1589
1647
1648
1656
1657
1501
1658
300
706
1605
384
444
661
308
502
448
437
258
923
1729
1701
751
480
215
255
181
1021
1252
1253
1160
1740
1739
1022
1216
1702
1730
112
1459
1629
784
1417
722
1418
1675
1272
1273
1274
1275
1276
1277
1278
1279
1280
1281
1282
1283
1284
1217
1023
1285
1286
1287
1161
1162
1163
1164
1165
1166
1818
1524
108
1761
1785
1786
415
263
142
193
216
182
256
481
752
607
524
365
427
401
374
606
732
924
259
438
449
503
309
662
445
723
354
249
456
477
272
734
394
544
595
707
335
303
338
328
250
334
299
474
686
337
336
304
333
271
472
568
794
323
319
373
1591
836
1602
471
344
148
387
408
479
520
420
315
317
127
212
195
273
531
475
253
320
1608
11
16
1307
1401
14
13
560
1494
12
180
1214
1213
1212
1211
1210
1209
1208
1207
1206
1205
1333
1332
908
1695
1858
1000
907
1810
1789
1070
906
909
905
910
911
1071
1790
1811
912
1001
1859
1696
1537
1538
945
1204
913
1539
1540
1541
1334
1542
281
179
1373
822
823
1517
1595
826
211
1003
1808
432
388
1051
1765
1766
1767
1603
1592
1652
1768
1502
1666
1420
1615
1665
1769
1419
1676
1770
1630
1460
1771
1731
1014
389
1015
1016
145
1024
1025
1026
1027
1028
1029
1030
1031
1032
1033
1034
143
831
1747
834
119
835
832
1880
833
569
542
1035
144
1036
1037
1038
1039
1883
1707
1847
1180
1234
1235
1236
1237
1238
188
683
278
1179
1862
1706
1846
1823
1822
1821
1820
1819
462
461
511
1746
624
1751
512
626
922
51
921
1167
1168
165
197
1169
1170
166
198
199
1171
167
1172
1173
1174
1175
1176
1177
1178
200
171
168
1181
1182
1183
1184
169
1185
170
1186
1187
1188
1189
1190
1062
1191
1043
1192
1193
1194
175
577
174
847
860
598
1250
191
1249
1248
1044
1247
1063
1246
1245
1244
1243
1242
1241
1240
1239
920
1370
1884
571
572
442
1689
443
670
672
671
190
827
1843
979
985
1661
828
992
2
1773
48
940
899
701
738
622
458
390
551
133
691
934
327
587
130
352
927
346
330
533
292
322
380
530
494
556
129
733
925
513
504
489
487
628
523
929
540
538
844
735
201
726
620
724
173
576
846
859
597
189
711
695
370
633
862
870
496
230
498
146
648
873
897
614
217
592
150
901
766
573
669
916
904
482
677
358
654
405
709
763
919
579
234
525
582
605
35
1802
613
1842
1861
1705
1841
1860
1704
1824
27
1882
22
880
612
611
879
1750
1867
1745
1734
1784
1835
1839
1885
1291
1741
1742
485
1743
1744
1733
50
881
1732
1783
1834
1794
548
546
385
793
1020
1700
1728
375
1458
1667
1628
1415
436
1416
1616
1617
19
372
547
1653
731
393
1599
541
1046
318
162
963
964
965
966
419
386
1637
1638
1639
1056
1640
1641
1598
314
770
631
660
1404
1405
1406
1407
1408
1409
1410
1411
1412
1413
1414
545
1760
1507
1627
1520
307
1521
1522
1523
1461
1462
1215
1019
1255
1159
1290
1463
1464
1465
1466
1467
1468
1469
1470
1471
1472
1473
1474
1475
1476
1477
1478
1479
1480
1481
1482
260
1483
890
676
1672
341
1669
1668
914
902
426
918
1800
1799
1703
1798
935
340
602
657
339
366
367
265
1485
264
424
423
398
1782
